A:0,0,8,8,0,0,1
B:8,0,6,8,0,0,1
C:14,0,7,8,0,0,1
D:21,0,7,8,0,0,1
E:28,0,7,8,0,0,1
F:35,0,7,8,0,0,1
G:42,0,8,8,0,0,1
H:50,0,8,8,0,0,1
I:58,0,6,8,0,0,1
J:64,0,7,8,0,0,1
K:72,0,6,8,0,0,1
L:78,0,6,8,0,0,1
M:84,0,7,8,0,0,1
N:91,0,7,8,0,0,1
O:98,0,7,8,0,0,1
P:105,0,7,8,0,0,1
Q:112,0,8,8,0,0,1
R:120,0,7,8,0,0,1
S:127,0,8,8,0,0,1
T:135,0,8,8,0,0,1
U:143,0,8,8,0,0,1
V:151,0,7,8,0,0,1
W:158,0,8,8,0,0,1
X:166,0,8,8,0,0,1
Y:174,0,8,8,0,0,1
Z:182,0,8,8,0,0,1
(:0,8,3,8,0,0,2
):3,8,3,8,1,0,1
,:6,8,2,3,0,7,1
.:8,8,2,2,0,7,1
':6,8,2,3,0,-1,1
0:10,8,7,8,0,0,1
1:17,8,3,8,0,0,2
2:20,8,8,8,0,0,1
3:28,8,7,8,0,0,1
4:35,8,7,8,0,0,1
5:42,8,5,8,0,0,1
6:47,8,6,8,0,0,1
7:53,8,7,8,0,0,1
8:60,8,6,8,0,0,1
9:66,8,6,8,0,0,1